Kurtosis: 0.2201670708481176
Skewness: 0.8636517597341374
