R2 Score: 0.4404325605964927
MSE: 260776659.84429705
Accuracy: 44.04%
